{
  "asset": {
    "version": "2.0",
    "generator": "THREE.GLTFExporter"
  },
  "scenes": [
    {
      "name": "Scene",
      "nodes": [
        103
      ]
    }
  ],
  "scene": 0,
  "nodes": [
    {
      "name": "Butt",
      "extras": {
        "transformData": {
          "eulerOrder": "ZYX",
          "parentMatrix": {
            "elements": [
              1,
              0,
              0,
              0,
              0,
              1,
              0,
              0,
              0,
              0,
              1,
              0,
              0,
              0,
              0,
              1
            ]
          },
          "parentMatrixWorld": {
            "elements": [
              1,
              0,
              0,
              0,
              0,
              1,
              0,
              0,
              0,
              0,
              1,
              0,
              0,
              0,
              0,
              1
            ]
          }
        }
      },
      "mesh": 0,
      "skin": 0
    },
    {
      "name": "Torso",
      "extras": {
        "transformData": {
          "eulerOrder": "ZYX",
          "parentMatrix": {
            "elements": [
              1,
              0,
              0,
              0,
              0,
              1,
              0,
              0,
              0,
              0,
              1,
              0,
              0,
              0,
              0,
              1
            ]
          },
          "parentMatrixWorld": {
            "elements": [
              1,
              0,
              0,
              0,
              0,
              1,
              0,
              0,
              0,
              0,
              1,
              0,
              0,
              0,
              0,
              1
            ]
          }
        }
      },
      "mesh": 1,
      "skin": 1
    },
    {
      "name": "Skirt",
      "extras": {
        "transformData": {
          "eulerOrder": "ZYX",
          "parentMatrix": {
            "elements": [
              1,
              0,
              0,
              0,
              0,
              1,
              0,
              0,
              0,
              0,
              1,
              0,
              0,
              0,
              0,
              1
            ]
          },
          "parentMatrixWorld": {
            "elements": [
              1,
              0,
              0,
              0,
              0,
              1,
              0,
              0,
              0,
              0,
              1,
              0,
              0,
              0,
              0,
              1
            ]
          }
        }
      },
      "mesh": 2,
      "skin": 2
    },
    {
      "name": "Box",
      "extras": {
        "transformData": {
          "eulerOrder": "ZYX",
          "parentMatrix": {
            "elements": [
              1,
              0,
              0,
              0,
              0,
              1,
              0,
              0,
              0,
              0,
              1,
              0,
              0,
              0,
              0,
              1
            ]
          },
          "parentMatrixWorld": {
            "elements": [
              1,
              0,
              0,
              0,
              0,
              1,
              0,
              0,
              0,
              0,
              1,
              0,
              0,
              0,
              0,
              1
            ]
          }
        }
      },
      "mesh": 3,
      "skin": 3
    },
    {
      "name": "Cylinder",
      "extras": {
        "transformData": {
          "eulerOrder": "ZYX",
          "parentMatrix": {
            "elements": [
              1,
              0,
              0,
              0,
              0,
              1,
              0,
              0,
              0,
              0,
              1,
              0,
              0,
              0,
              0,
              1
            ]
          },
          "parentMatrixWorld": {
            "elements": [
              1,
              0,
              0,
              0,
              0,
              1,
              0,
              0,
              0,
              0,
              1,
              0,
              0,
              0,
              0,
              1
            ]
          }
        }
      },
      "mesh": 4,
      "skin": 4
    },
    {
      "name": "AntennaBulb",
      "extras": {
        "transformData": {
          "eulerOrder": "ZYX",
          "parentMatrix": {
            "elements": [
              1,
              0,
              0,
              0,
              0,
              1,
              0,
              0,
              0,
              0,
              1,
              0,
              0,
              0,
              0,
              1
            ]
          },
          "parentMatrixWorld": {
            "elements": [
              1,
              0,
              0,
              0,
              0,
              1,
              0,
              0,
              0,
              0,
              1,
              0,
              0,
              0,
              0,
              1
            ]
          }
        }
      },
      "mesh": 5,
      "skin": 5
    },
    {
      "name": "AntennaTentacle",
      "extras": {
        "transformData": {
          "eulerOrder": "ZYX",
          "parentMatrix": {
            "elements": [
              1,
              0,
              0,
              0,
              0,
              1,
              0,
              0,
              0,
              0,
              1,
              0,
              0,
              0,
              0,
              1
            ]
          },
          "parentMatrixWorld": {
            "elements": [
              1,
              0,
              0,
              0,
              0,
              1,
              0,
              0,
              0,
              0,
              1,
              0,
              0,
              0,
              0,
              1
            ]
          }
        }
      },
      "mesh": 6,
      "skin": 6
    },
    {
      "name": "Head",
      "extras": {
        "transformData": {
          "eulerOrder": "ZYX",
          "parentMatrix": {
            "elements": [
              1,
              0,
              0,
              0,
              0,
              1,
              0,
              0,
              0,
              0,
              1,
              0,
              0,
              0,
              0,
              1
            ]
          },
          "parentMatrixWorld": {
            "elements": [
              1,
              0,
              0,
              0,
              0,
              1,
              0,
              0,
              0,
              0,
              1,
              0,
              0,
              0,
              0,
              1
            ]
          }
        }
      },
      "mesh": 7,
      "skin": 7
    },
    {
      "name": "Eye",
      "extras": {
        "transformData": {
          "eulerOrder": "ZYX",
          "parentMatrix": {
            "elements": [
              1,
              0,
              0,
              0,
              0,
              1,
              0,
              0,
              0,
              0,
              1,
              0,
              0,
              0,
              0,
              1
            ]
          },
          "parentMatrixWorld": {
            "elements": [
              1,
              0,
              0,
              0,
              0,
              1,
              0,
              0,
              0,
              0,
              1,
              0,
              0,
              0,
              0,
              1
            ]
          }
        }
      },
      "mesh": 8,
      "skin": 8
    },
    {
      "name": "Sleeve",
      "extras": {
        "transformData": {
          "eulerOrder": "ZYX",
          "parentMatrix": {
            "elements": [
              1,
              0,
              0,
              0,
              0,
              1,
              0,
              0,
              0,
              0,
              1,
              0,
              0,
              0,
              0,
              1
            ]
          },
          "parentMatrixWorld": {
            "elements": [
              1,
              0,
              0,
              0,
              0,
              1,
              0,
              0,
              0,
              0,
              1,
              0,
              0,
              0,
              0,
              1
            ]
          }
        }
      },
      "mesh": 9,
      "skin": 9
    },
    {
      "name": "Elbow",
      "extras": {
        "transformData": {
          "eulerOrder": "ZYX",
          "parentMatrix": {
            "elements": [
              1,
              0,
              0,
              0,
              0,
              1,
              0,
              0,
              0,
              0,
              1,
              0,
              0,
              0,
              0,
              1
            ]
          },
          "parentMatrixWorld": {
            "elements": [
              1,
              0,
              0,
              0,
              0,
              1,
              0,
              0,
              0,
              0,
              1,
              0,
              0,
              0,
              0,
              1
            ]
          }
        }
      },
      "mesh": 10,
      "skin": 10
    },
    {
      "name": "Arm",
      "extras": {
        "transformData": {
          "eulerOrder": "ZYX",
          "parentMatrix": {
            "elements": [
              1,
              0,
              0,
              0,
              0,
              1,
              0,
              0,
              0,
              0,
              1,
              0,
              0,
              0,
              0,
              1
            ]
          },
          "parentMatrixWorld": {
            "elements": [
              1,
              0,
              0,
              0,
              0,
              1,
              0,
              0,
              0,
              0,
              1,
              0,
              0,
              0,
              0,
              1
            ]
          }
        }
      },
      "mesh": 11,
      "skin": 11
    },
    {
      "name": "Hand",
      "extras": {
        "transformData": {
          "eulerOrder": "ZYX",
          "parentMatrix": {
            "elements": [
              1,
              0,
              0,
              0,
              0,
              1,
              0,
              0,
              0,
              0,
              1,
              0,
              0,
              0,
              0,
              1
            ]
          },
          "parentMatrixWorld": {
            "elements": [
              1,
              0,
              0,
              0,
              0,
              1,
              0,
              0,
              0,
              0,
              1,
              0,
              0,
              0,
              0,
              1
            ]
          }
        }
      },
      "mesh": 12,
      "skin": 12
    },
    {
      "name": "Knee",
      "extras": {
        "transformData": {
          "eulerOrder": "ZYX",
          "parentMatrix": {
            "elements": [
              1,
              0,
              0,
              0,
              0,
              1,
              0,
              0,
              0,
              0,
              1,
              0,
              0,
              0,
              0,
              1
            ]
          },
          "parentMatrixWorld": {
            "elements": [
              1,
              0,
              0,
              0,
              0,
              1,
              0,
              0,
              0,
              0,
              1,
              0,
              0,
              0,
              0,
              1
            ]
          }
        }
      },
      "mesh": 13,
      "skin": 13
    },
    {
      "name": "LowerLeg",
      "extras": {
        "transformData": {
          "eulerOrder": "ZYX",
          "parentMatrix": {
            "elements": [
              1,
              0,
              0,
              0,
              0,
              1,
              0,
              0,
              0,
              0,
              1,
              0,
              0,
              0,
              0,
              1
            ]
          },
          "parentMatrixWorld": {
            "elements": [
              1,
              0,
              0,
              0,
              0,
              1,
              0,
              0,
              0,
              0,
              1,
              0,
              0,
              0,
              0,
              1
            ]
          }
        }
      },
      "mesh": 14,
      "skin": 14
    },
    {
      "name": "Foot",
      "extras": {
        "transformData": {
          "eulerOrder": "ZYX",
          "parentMatrix": {
            "elements": [
              1,
              0,
              0,
              0,
              0,
              1,
              0,
              0,
              0,
              0,
              1,
              0,
              0,
              0,
              0,
              1
            ]
          },
          "parentMatrixWorld": {
            "elements": [
              1,
              0,
              0,
              0,
              0,
              1,
              0,
              0,
              0,
              0,
              1,
              0,
              0,
              0,
              0,
              1
            ]
          }
        }
      },
      "mesh": 15,
      "skin": 15
    },
    {
      "name": "mixamorigHips"
    },
    {
      "name": "mixamorigHips",
      "children": [
        16
      ]
    },
    {
      "name": "mixamorigHips",
      "children": [
        17
      ]
    },
    {
      "name": "mixamorigHips",
      "children": [
        18
      ]
    },
    {
      "name": "mixamorigSpine"
    },
    {
      "name": "mixamorigSpine2"
    },
    {
      "name": "mixamorigSpine2",
      "children": [
        21
      ]
    },
    {
      "name": "mixamorigSpine2",
      "children": [
        22
      ]
    },
    {
      "name": "mixamorigSpine2",
      "children": [
        23
      ]
    },
    {
      "name": "mixamorigNeck"
    },
    {
      "name": "mixamorigNeck",
      "children": [
        25
      ]
    },
    {
      "name": "mixamorigNeck",
      "children": [
        26
      ]
    },
    {
      "name": "mixamorigHead"
    },
    {
      "name": "mixamorigHead",
      "children": [
        28
      ]
    },
    {
      "name": "mixamorigHead",
      "children": [
        29
      ]
    },
    {
      "translation": [
        -0.04967404715716839,
        0.110241949558258,
        0
      ],
      "name": "mixamorigHeadTop_End",
      "extras": {
        "transformData": {
          "eulerOrder": "ZYX",
          "translation": [
            -0.04967404715716839,
            0.110241949558258,
            0
          ],
          "parentMatrix": {
            "elements": [
              0.999206969449196,
              -0.03878883168069581,
              -0.008992148179208913,
              0,
              0.037203448041546926,
              0.9899672710708278,
              -0.13631106157984668,
              0,
              0.014189279257598629,
              0.1358684238226509,
              0.9906252750756889,
              0,
              -0.018875330686569214,
              0.04189014434814453,
              0,
              1
            ]
          },
          "parentMatrixWorld": {
            "elements": [
              0.026972792241654435,
              -0.04181103154722037,
              0.9987613849713972,
              0,
              0.016600069991016625,
              0.9990058635736877,
              0.04137296061953055,
              0,
              -0.9994983260734733,
              0.01546356455189471,
              0.027640043709745606,
              0,
              -0.002441490412105604,
              0.5963361776817006,
              -0.02407999614405779,
              1
            ]
          }
        }
      }
    },
    {
      "rotation": [
        -0.0682173425579583,
        0.005810046168985234,
        -0.019046223744255974,
        0.9974717395772581
      ],
      "translation": [
        -0.018875330686569214,
        0.04189014434814453,
        0
      ],
      "name": "mixamorigHead",
      "extras": {
        "transformData": {
          "eulerOrder": "ZYX",
          "translation": [
            -0.018875330686569214,
            0.04189014434814453,
            0
          ],
          "parentMatrix": {
            "elements": [
              0.9999795648624038,
              -0.003752410206921487,
              0.005175835704157171,
              0,
              0.0039423345643677795,
              0.9993005876199718,
              -0.037185932562754306,
              0,
              -0.005032678787686319,
              0.03720557753910174,
              0.9992949600314223,
              0,
              -6.648359640593071e-11,
              0.059004453250822375,
              -8.673617379884035e-19,
              1
            ]
          },
          "parentMatrixWorld": {
            "elements": [
              0.013386821006739777,
              -0.004391994530671067,
              0.9999007457814627,
              0,
              -0.12041297930827358,
              0.9927059199050201,
              0.005972498856111745,
              0,
              -0.992633620854842,
              -0.1204809809228848,
              0.012760323313114531,
              0,
              0.0028553073458522406,
              0.5546686830524816,
              -0.005456727752887151,
              1
            ]
          }
        }
      },
      "children": [
        30,
        31
      ]
    },
    {
      "rotation": [
        -0.018601190896081102,
        -0.0025525833064578883,
        -0.0019240289139365447,
        0.9998218731996461
      ],
      "translation": [
        -6.648359640593071e-11,
        0.059004453250822375,
        -8.673617379884035e-19
      ],
      "name": "mixamorigNeck",
      "extras": {
        "transformData": {
          "eulerOrder": "ZYX",
          "translation": [
            -6.6483612018442e-11,
            0.05900445325082232,
            0
          ],
          "preRotation": [
            0,
            0,
            0.876977248472389
          ],
          "parentMatrix": {
            "elements": [
              0.9998944105012284,
              0.005609014278966892,
              -0.013405476612069884,
              0,
              -0.0042190644563382725,
              0.994821323424689,
              0.10155163099316936,
              0,
              0.0139056585421788,
              -0.10148434963617747,
              0.9947399455330219,
              0,
              -1.1102230246251565e-16,
              0.052448425361619866,
              0,
              1
            ]
          },
          "parentMatrixWorld": {
            "elements": [
              0.01790744536250545,
              0.00012801615764580407,
              0.9998396396523543,
              0,
              -0.15731050097224736,
              0.9875455251823034,
              0.002691039050543399,
              0,
              -0.9873868175636157,
              -0.15733346465022008,
              0.01770455581610139,
              0,
              0.01213732744752321,
              0.4963990992788121,
              -0.005615510974268141,
              1
            ]
          }
        }
      },
      "children": [
        27,
        32
      ]
    },
    {
      "name": "mixamorigLeftShoulder"
    },
    {
      "name": "mixamorigLeftShoulder",
      "children": [
        34
      ]
    },
    {
      "name": "mixamorigLeftShoulder",
      "children": [
        35
      ]
    },
    {
      "name": "mixamorigLeftArm"
    },
    {
      "name": "mixamorigLeftArm",
      "children": [
        37
      ]
    },
    {
      "name": "mixamorigLeftArm",
      "children": [
        38
      ]
    },
    {
      "name": "mixamorigLeftArm",
      "children": [
        39
      ]
    },
    {
      "name": "mixamorigLeftForeArm"
    },
    {
      "name": "mixamorigLeftForeArm",
      "children": [
        41
      ]
    },
    {
      "name": "mixamorigLeftForeArm",
      "children": [
        42
      ]
    },
    {
      "name": "mixamorigLeftHand"
    },
    {
      "name": "mixamorigLeftHand",
      "children": [
        44
      ]
    },
    {
      "rotation": [
        -7.386127300057502e-18,
        -4.857225732735061e-17,
        2.6020852139652114e-18,
        1
      ],
      "translation": [
        -2.220446049250313e-16,
        0.12293214111437695,
        1.1102230246251565e-16
      ],
      "scale": [
        0.9999999999999999,
        0.9999999999999998,
        0.9999999999999996
      ],
      "name": "mixamorigLeftHand",
      "extras": {
        "transformData": {
          "eulerOrder": "ZYX",
          "translation": [
            0,
            0.122932141114377,
            5.551115123125783e-17
          ],
          "preRotation": [
            -8.945310041616144e-16,
            -5.333019910227402e-15,
            0
          ],
          "parentMatrix": {
            "elements": [
              0.9679954251507905,
              0.2509667749965441,
              -0.0007306435564761013,
              0,
              -0.2509673602927813,
              0.9679837945563161,
              -0.0047703929330837926,
              0,
              -0.0004899590246827889,
              0.004801086220509659,
              0.999988354687659,
              0,
              0,
              0.09611273591797932,
              5.551115123125783e-17,
              1
            ]
          },
          "parentMatrixWorld": {
            "elements": [
              0.1963096696726319,
              -0.05569418365938604,
              -0.9789589676248175,
              0,
              0.15289799101874046,
              -0.9844344617309245,
              0.08666616352399648,
              0,
              -0.9685477506411563,
              -0.16669427178845939,
              -0.1847384789210187,
              0,
              0.12528790140391685,
              0.47173819319857146,
              -0.003000735186296004,
              1
            ]
          }
        }
      },
      "children": [
        45
      ]
    },
    {
      "rotation": [
        -0.002412255522081177,
        0.000060658606844477813,
        0.12650013337992214,
        0.9919636483343651
      ],
      "translation": [
        0,
        0.09611273591797932,
        5.551115123125783e-17
      ],
      "scale": [
        0.9999999999999999,
        0.9999999999999999,
        0.9999999999999998
      ],
      "name": "mixamorigLeftForeArm",
      "extras": {
        "transformData": {
          "eulerOrder": "ZYX",
          "translation": [
            0,
            0.09611273591797931,
            0
          ],
          "preRotation": [
            -9.087236891829994,
            -3.2302508483613845e-16,
            -0.08801987510180859
          ],
          "parentMatrix": {
            "elements": [
              0.9953751020268139,
              -0.07054800009782217,
              -0.06520265433032617,
              0,
              0.06773489475852683,
              0.03411522617136142,
              0.9971199395704078,
              0,
              -0.06812041163684797,
              -0.9969248565157959,
              0.03873600790870668,
              0,
              0,
              0.07050252786034981,
              5.551115123125783e-17,
              1
            ]
          },
          "parentMatrixWorld": {
            "elements": [
              0.1521290057867986,
              0.1932308767850508,
              -0.9692876669431607,
              0,
              0.19261990113809485,
              -0.9676943098549864,
              -0.16268167864227245,
              0,
              -0.9694092874889442,
              -0.16195549878218948,
              -0.1844344891925255,
              0,
              0.1067746757132839,
              0.564745940850995,
              0.012635046031742314,
              1
            ]
          }
        }
      },
      "children": [
        43,
        46
      ]
    },
    {
      "rotation": [
        0.6932755346806105,
        -0.0010144254335295831,
        -0.04807722878487107,
        0.7190664809067772
      ],
      "translation": [
        0,
        0.07050252786034981,
        5.551115123125783e-17
      ],
      "scale": [
        1,
        0.9999999999999999,
        1
      ],
      "name": "mixamorigLeftArm",
      "extras": {
        "transformData": {
          "eulerOrder": "ZYX",
          "translation": [
            0,
            0.07050252786034983,
            0
          ],
          "preRotation": [
            2.2335971240013643,
            -2.1120870931593667e-16,
            -3.132442868829808
          ],
          "parentMatrix": {
            "elements": [
              -0.9589603439611163,
              0.0972528273714938,
              -0.26633988716169815,
              0,
              0.263905583712646,
              -0.03732846767960906,
              -0.9638259296548517,
              0,
              -0.10367685764114991,
              -0.9945594337987057,
              0.010130961553503237,
              0,
              0.0013450822495807424,
              0.05528903315412931,
              -0.03592163324356079,
              1
            ]
          },
          "parentMatrixWorld": {
            "elements": [
              0.23050907261577136,
              0.13782300928517577,
              -0.9632602829890563,
              0,
              0.9622670521395973,
              0.11481229579221511,
              0.2466987013886933,
              0,
              0.14459487722681105,
              -0.98377992997016,
              -0.10615726608435964,
              0,
              0.03893241606071525,
              0.5566513837681938,
              -0.004757836036026148,
              1
            ]
          }
        }
      },
      "children": [
        40,
        47
      ]
    },
    {
      "rotation": [
        0.13061121904816358,
        0.6912852006820347,
        -0.7082407382370469,
        0.05882630980674182
      ],
      "translation": [
        0.0013450822495807424,
        0.05528903315412931,
        -0.03592163324356079
      ],
      "scale": [
        1,
        0.9999999999999999,
        1
      ],
      "name": "mixamorigLeftShoulder",
      "extras": {
        "transformData": {
          "eulerOrder": "ZYX",
          "translation": [
            0.0013450822495806565,
            0.05528903315412925,
            -0.03592163324356079
          ],
          "preRotation": [
            -83.52996119082951,
            2.202886469846663,
            -179.9619675898241
          ],
          "parentMatrix": {
            "elements": [
              0.9998944105012284,
              0.005609014278966892,
              -0.013405476612069884,
              0,
              -0.0042190644563382725,
              0.994821323424689,
              0.10155163099316936,
              0,
              0.0139056585421788,
              -0.10148434963617747,
              0.9947399455330219,
              0,
              -1.1102230246251565e-16,
              0.052448425361619866,
              0,
              1
            ]
          },
          "parentMatrixWorld": {
            "elements": [
              0.01790744536250545,
              0.00012801615764580407,
              0.9998396396523543,
              0,
              -0.15731050097224736,
              0.9875455251823034,
              0.002691039050543399,
              0,
              -0.9873868175636157,
              -0.15733346465022008,
              0.01770455581610139,
              0,
              0.01213732744752321,
              0.4963990992788121,
              -0.005615510974268141,
              1
            ]
          }
        }
      },
      "children": [
        36,
        48
      ]
    },
    {
      "name": "mixamorigRightShoulder"
    },
    {
      "name": "mixamorigRightShoulder",
      "children": [
        50
      ]
    },
    {
      "name": "mixamorigRightShoulder",
      "children": [
        51
      ]
    },
    {
      "name": "mixamorigRightShoulder",
      "children": [
        52
      ]
    },
    {
      "name": "mixamorigRightArm"
    },
    {
      "name": "mixamorigRightArm",
      "children": [
        54
      ]
    },
    {
      "name": "mixamorigRightArm",
      "children": [
        55
      ]
    },
    {
      "name": "mixamorigRightArm",
      "children": [
        56
      ]
    },
    {
      "name": "mixamorigRightForeArm"
    },
    {
      "name": "mixamorigRightForeArm",
      "children": [
        58
      ]
    },
    {
      "name": "mixamorigRightForeArm",
      "children": [
        59
      ]
    },
    {
      "name": "mixamorigRightHand"
    },
    {
      "name": "mixamorigRightHand",
      "children": [
        61
      ]
    },
    {
      "rotation": [
        4.174178364069191e-17,
        -1.7347234759768075e-18,
        -2.42861286636753e-17,
        1
      ],
      "translation": [
        0,
        0.12337540585151624,
        -5.551115123125783e-17
      ],
      "scale": [
        1,
        1,
        1.0000000000000004
      ],
      "name": "mixamorigRightHand",
      "extras": {
        "transformData": {
          "eulerOrder": "ZYX",
          "translation": [
            0,
            0.12337540585151618,
            0
          ],
          "preRotation": [
            4.770832022195277e-15,
            -9.318031293350147e-17,
            -1.5902773407317588e-15
          ],
          "parentMatrix": {
            "elements": [
              0.953072713669635,
              -0.3027264213168549,
              0.003019320302329587,
              0,
              0.30273631122470895,
              0.9530673154473468,
              -0.0036630713948166134,
              0,
              -0.001768707000635957,
              0.004405231285356617,
              0.9999887327429584,
              0,
              0,
              0.09625821384228384,
              0,
              1
            ]
          },
          "parentMatrixWorld": {
            "elements": [
              0.14905430958696084,
              0.2303707005991857,
              0.9616195426771286,
              0,
              -0.1025396207503365,
              -0.9636392953599628,
              0.24674857621288185,
              0,
              0.9834980206472882,
              -0.1353830419280474,
              -0.1200124688349637,
              0,
              -0.11449983956167335,
              0.4363316872443208,
              -0.00998380950968664,
              1
            ]
          }
        }
      },
      "children": [
        62
      ]
    },
    {
      "rotation": [
        -0.0020411687417650924,
        -0.001211304539869004,
        -0.1531736788958671,
        0.9881964331371497
      ],
      "translation": [
        0,
        0.09625821384228384,
        0
      ],
      "scale": [
        1,
        0.9999999999999999,
        0.9999999999999998
      ],
      "name": "mixamorigRightForeArm",
      "extras": {
        "transformData": {
          "eulerOrder": "ZYX",
          "translation": [
            6.938893903907228e-18,
            0.09625821384228384,
            0
          ],
          "preRotation": [
            -9.037909721125285,
            9.939233379573492e-17,
            1.7772186898111175
          ],
          "parentMatrix": {
            "elements": [
              0.9971921070774731,
              -0.07177887219080514,
              -0.02134701417311432,
              0,
              0.04382079758844293,
              0.32815449965418386,
              0.9436070919820112,
              0,
              -0.060725935199087686,
              -0.941892987471003,
              0.3303784844539786,
              0,
              1.1102230246251565e-16,
              0.07050252786034983,
              0,
              1
            ]
          },
          "parentMatrixWorld": {
            "elements": [
              0.10927760894763067,
              -0.0719291239243866,
              0.9914053677134732,
              0,
              -0.13851730254898575,
              -0.9887488076687492,
              -0.05646832238367597,
              0,
              0.9843125919769817,
              -0.13115607406137966,
              -0.11801153686654439,
              0,
              -0.10116641143205675,
              0.5315068814092024,
              -0.004548269658363735,
              1
            ]
          }
        }
      },
      "children": [
        60,
        63
      ]
    },
    {
      "rotation": [
        0.5785021873271765,
        -0.012082095459109432,
        -0.035467864759249824,
        0.8148197711077343
      ],
      "translation": [
        1.1102230246251565e-16,
        0.07050252786034983,
        0
      ],
      "scale": [
        1,
        1,
        0.9999999999999999
      ],
      "name": "mixamorigRightArm",
      "extras": {
        "transformData": {
          "eulerOrder": "ZYX",
          "translation": [
            0,
            0.07050252786034983,
            0
          ],
          "preRotation": [
            2.185114546437659,
            4.969616689786746e-17,
            1.2129606181383226
          ],
          "parentMatrix": {
            "elements": [
              0.9939127900171866,
              -0.10986795568406131,
              -0.00814848379745115,
              0,
              0.0038766971252689325,
              -0.03903875870345219,
              0.999230145706658,
              0,
              -0.11010148361303365,
              -0.9931792110104577,
              -0.03837519659092559,
              0,
              -0.001230732930775802,
              0.055249604286050524,
              0.03592163324356079,
              1
            ]
          },
          "parentMatrixWorld": {
            "elements": [
              0.04312752761651845,
              -0.10709034191281018,
              0.9933134815712922,
              0,
              -0.9804160451519927,
              -0.1957643959933683,
              0.021461946520409128,
              0,
              0.19215704617243742,
              -0.9747860776700678,
              -0.11343592755186009,
              0,
              -0.0320446018939944,
              0.5453087661917895,
              -0.006061391140856328,
              1
            ]
          }
        }
      },
      "children": [
        57,
        64
      ]
    },
    {
      "rotation": [
        0.719605229502879,
        -0.036822709943344134,
        -0.04108154115700868,
        0.692188325984485
      ],
      "translation": [
        -0.001230732930775802,
        0.055249604286050524,
        0.03592163324356079
      ],
      "scale": [
        0.9999999999999999,
        1,
        1
      ],
      "name": "mixamorigRightShoulder",
      "extras": {
        "transformData": {
          "eulerOrder": "ZYX",
          "translation": [
            -0.001230732930775743,
            0.05524960428605047,
            0.03592163324356079
          ],
          "preRotation": [
            96.53403672427655,
            -2.00431965537103,
            -0.027367155248747468
          ],
          "parentMatrix": {
            "elements": [
              0.9998944105012284,
              0.005609014278966892,
              -0.013405476612069884,
              0,
              -0.0042190644563382725,
              0.994821323424689,
              0.10155163099316936,
              0,
              0.0139056585421788,
              -0.10148434963617747,
              0.9947399455330219,
              0,
              -1.1102230246251565e-16,
              0.052448425361619866,
              0,
              1
            ]
          },
          "parentMatrixWorld": {
            "elements": [
              0.01790744536250545,
              0.00012801615764580407,
              0.9998396396523543,
              0,
              -0.15731050097224736,
              0.9875455251823034,
              0.002691039050543399,
              0,
              -0.9873868175636157,
              -0.15733346465022008,
              0.01770455581610139,
              0,
              0.01213732744752321,
              0.4963990992788121,
              -0.005615510974268141,
              1
            ]
          }
        }
      },
      "children": [
        53,
        65
      ]
    },
    {
      "rotation": [
        0.05082603059338174,
        0.006836800977773044,
        0.002460264574418904,
        0.9986810806340293
      ],
      "translation": [
        -1.1102230246251565e-16,
        0.052448425361619866,
        0
      ],
      "name": "mixamorigSpine2",
      "extras": {
        "transformData": {
          "eulerOrder": "ZYX",
          "translation": [
            -1.734723475976807e-18,
            0.052448425361619866,
            0
          ],
          "parentMatrix": {
            "elements": [
              0.9999841706316667,
              0.00501264099729012,
              -0.0025557613993872,
              0,
              -0.00472160184713639,
              0.9946312319823997,
              0.1033751364747413,
              0,
              0.0030602225565193007,
              -0.10336143282388528,
              0.9946391552932642,
              0,
              0,
              0.045892338659951126,
              -8.673617379884035e-19,
              1
            ]
          },
          "parentMatrixWorld": {
            "elements": [
              0.004838993744517578,
              -0.006226341046435904,
              0.9999689069303702,
              0,
              -0.05619108863922979,
              0.9983989488816908,
              0.006488482487340718,
              0,
              -0.9984083051093743,
              -0.05622073942450629,
              0.004481381379026374,
              0,
              0.01508446156600602,
              0.44403464652727104,
              -0.005955821663715497,
              1
            ]
          }
        }
      },
      "children": [
        24,
        33,
        49,
        66
      ]
    },
    {
      "rotation": [
        0.05175370362593094,
        0.001405885616695774,
        0.0024368360222984282,
        0.9986559164581326
      ],
      "translation": [
        0,
        0.045892338659951126,
        -8.673617379884035e-19
      ],
      "scale": [
        1.0000000000000002,
        1.0000000000000002,
        1
      ],
      "name": "mixamorigSpine1",
      "extras": {
        "transformData": {
          "eulerOrder": "ZYX",
          "translation": [
            0,
            0.04589233865995107,
            0
          ],
          "preRotation": [
            0,
            0,
            5.936729989322198e-8
          ],
          "parentMatrix": {
            "elements": [
              0.9993618040267381,
              -0.02764474410578628,
